829382522	88053142
829382522	264107904
829382522	29522779
829382522	1431816408
347959553	2808367905
347959553	88053142
347959553	264107904
29522779	88053142
29522779	829382522
29522779	1431816408
29522779	264107904
2808367905	337679269
2808367905	347959553
2808367905	264107904
2808367905	1431816408
1431816408	2808367905
1431816408	29522779
1431816408	829382522
1431816408	337679269
1431816408	88053142
1431816408	264107904
264107904	2808367905
264107904	829382522
264107904	347959553
264107904	1431816408
264107904	88053142
264107904	337679269
264107904	29522779
88053142	29522779
88053142	829382522
88053142	1431816408
88053142	264107904
88053142	347959553
119170132	2776012877
337679269	2808367905
337679269	1431816408
337679269	264107904
