183251829	2504069347
541999118	1496825413
541999118	420457786
541999118	1495338206
541999118	437001787
2504069347	541999118
2504069347	183251829
2945983373	3046210226
2945983373	1827242198
3095351806	3023588981
3095351806	3023904892
3095351806	3023818276
3095351806	3023886179
3095351806	3050642319
3095351806	3050798211
3095351806	3095117829
3095351806	3023657314
3050798211	3050642319
3050798211	3095351806
3050798211	3023886179
3050798211	3095117829
3050798211	3023588981
3050798211	3023904892
3050798211	3023657314
3050798211	3023818276
3050798211	3023562628
1567773517	584200555
3095117829	3023886179
3095117829	3050798211
3095117829	3050642319
3095117829	3023904892
3095117829	3023818276
3095117829	3023657314
3095117829	3023588981
3095117829	3095351806
437001787	541999118
437001787	563094519
2832525592	584200555
584200555	541999118
3023818276	3050798211
3023818276	3023562628
3023818276	3023904892
3023818276	3023588981
3023818276	3023657314
1495338206	541999118
728893483	541999118
728893483	3023562628
3023657314	3050798211
3023657314	3095117829
3023657314	3023886179
3023657314	3095351806
3023657314	3023818276
3023657314	3023904892
3023657314	3023588981
3023657314	3023562628
3023562628	728893483
3023562628	3023818276
3023562628	3023904892
3023562628	3023588981
3023562628	3023657314
3023588981	3095117829
3023588981	3023818276
3023588981	3023904892
3023588981	3023657314
3023588981	3023562628
2456952918	584200555
2440758461	1496825413
985307550	1495338206
563094519	437001787
234850113	1496825413
420457786	541999118
3046210226	2945983373
1496825413	541999118
1496825413	2440758461
1496825413	234850113
3023886179	3023588981
3023886179	3095351806
3023886179	3050642319
3023886179	3023818276
3023886179	3023562628
3023886179	3095117829
3023886179	3050798211
3023886179	3023904892
536568528	541999118
3050642319	3095351806
3050642319	3023562628
3050642319	3023904892
3050642319	3023886179
3050642319	3050798211
3050642319	3023657314
3050642319	3095117829
3050642319	3023818276
3050642319	3023588981
3023904892	3050798211
3023904892	728893483
3023904892	3095351806
3023904892	3023886179
3023904892	3023657314
3023904892	3023562628
3023904892	3023588981
3023904892	3023818276
